                    The CORR Procedure
          4 Variables:    specialMilled   volumePalay   areaPalay   areaApplied
                    Simple Statistics
Variable         N      Mean   Std Dev       Sum   Minimum   Maximum
--------  --------  --------  --------  --------  --------  --------
specialMilled        24       51.65292        2.73648      1239.67000      45.32000       57.19000
volumePalay          24  1759375.82750  1244591.66955  42225019.86000  331469.66000  3741210.53000
areaPalay            24   381002.84542   235396.73917   9144068.29000   96233.01000   728062.51000
areaApplied          24   373637.25500   239933.41794   8967294.12000   79776.54000   724200.98000
   Pearson Correlation Coefficients, N = 24
          Prob > |r| under H0: Rho=0
          specialMilledvolumePalay areaPalayareaApplied
--------  --------  --------  --------  --------
specialMilled   1.00000   0.60678   0.56821   0.57978
              .       0.0017    0.0038    0.0030
volumePalay   0.60678   1.00000   0.99268   0.99347
            0.0017      .       <.0001    <.0001
areaPalay   0.56821   0.99268   1.00000   0.99971
            0.0038    <.0001      .       <.0001
areaApplied   0.57978   0.99347   0.99971   1.00000
            0.0030    <.0001    <.0001      .

  Obs  wellMilled  regularMilled  specialMilled  volumePalay  areaPalay  areaApplied  region  region2  region3  region4  region5  region6  year  year2  year3  year4        areaApplied2  lnspecialMilled
-----  ----------  -------------  -------------  -----------  ---------  -----------  ------  -------  -------  -------  -------  -------  ----  -----  -----  -----  ------------------  ---------------
    1       41.98          38.35          48.18    376473.48  102562.19     79776.54       6        0        0        0        0        1     4      0      0      1   6364296334.371599     3.8749439972
    2       41.42           36.4          50.55   1902661.85     407701    406086.51       1        0        0        0        0        0     4      0      0      1   164906253603.9801     3.9229629455
    3       44.82          35.13          51.69   2645776.78     589717       589379       2        1        0        0        0        0     4      0      0      1        347367605641     3.9452643392
    4       42.84          36.99          53.25   3635147.59   711208.1    707051.26       3        0        1        0        0        0     4      0      0      1   499921484267.5876     3.9749978046
    5       41.72          38.44          50.09    386919.93  106265.69    102208.62       4        0        0        1        0        0     4      0      0      1    10446602002.3044     3.9138213874
    6       41.66          37.86          45.32   1294991.12  346628.99    322873.93       5        0        0        0        1        0     4      0      0      1   104247574673.6449     3.8137484362
    7       42.93          38.16          47.76    377133.35  101555.75     86341.79       6        0        0        0        0        1     1      0      0      0  7454904700.4040985     3.8661884691
    8       41.11          36.35          51.14    1902342.6     409035       409013       1        0        0        0        0        0     1      0      0      0        167291634169     3.9345669699
    9       44.79          35.44          53.25   2909950.48  613121.35       612913       2        1        0        0        0        0     1      0      0      0        375662345569     3.9749978046
   10       44.17          37.34          52.99   3741210.53  728062.51    724200.98       3        0        1        0        0        0     1      0      0      0   524467059432.9604     3.9701032165
   11       42.41          38.08          50.73    409915.07  110537.97    100097.08       4        0        0        1        0        0     1      0      0      0    10019425424.5264     3.9265174516
   12       41.62          38.21          49.19   1346952.44  346009.56    332990.33       5        0        0        0        1        0     1      0      0      0  110882559873.50891     3.8956903508
   13       43.63           39.2          48.92    338067.44   97568.03     82860.63       6        0        0        0        0        1     2      1      0      0   6865884003.996901     3.8901863108
   14       40.48           36.7          50.87   1965372.37  407408.35    406411.29       1        0        0        0        0        0     2      1      0      0  165170136639.46408     3.9292733588
   15       44.53           35.5          53.07    2928165.7   622058.3    620200.05       2        1        0        0        0        0     2      1      0      0  384648102020.00256     3.9716117968
   16       44.25          38.22          54.02   3616712.39  705078.46    702782.71       3        0        1        0        0        0     2      1      0      0  493903537474.94403     3.9893543484
   17       43.28           38.7          51.53    395898.69   105611.7     98025.29       4        0        0        1        0        0     2      1      0      0   9608957479.584099     3.9421641623
   18       42.16          38.86          49.67   1329004.41  348848.02    331056.25       5        0        0        0        1        0     2      1      0      0   109598240664.0625     3.9054011291
   19       46.86          41.98          52.22    331469.66   96233.01     85570.43       6        0        0        0        0        1     3      0      1      0   7322298490.384899     3.9554655633
   20        43.9          40.14          53.98   1990286.68  410924.75    409309.43       1        0        0        0        0        0     3      0      1      0   167534209486.9249     3.9886136076
   21       48.57          39.49          56.22   3026087.62   632728.4    631749.41       2        1        0        0        0        0     3      0      1      0  399107317035.34814     4.0292725655
   22       47.95          42.38          57.19   3638431.28  692876.98    692314.53       3        0        1        0        0        0     3      0      1      0   479299408449.1209     4.0463790579
   23       45.78          41.78          53.87    433399.42  108319.97     98136.15       4        0        0        1        0        0     3      0      1      0   9630703936.822498     3.9865737367
   24       46.13          42.62          53.97   1302648.98  344007.21    335945.91       5        0        0        0        1        0     3      0      1      0  112859654445.72809     3.9884283366

                                                   The REG Procedure                                                    
                                                     Model: MODEL1                                                      
                                          Dependent Variable: lnspecialMilled                                           

Source                 DF  Sum of Squares  Mean Square   F Value    Pr > F
---------------  --------  --------------  -----------  --------  --------
Model                  11         0.06167      0.00561     17.37    <.0001
Error                  12         0.00387      0.00032                    
Corrected Total        23         0.06555                                 

Root MSE           0.01797    R-Square            0.9409
Dependent Mean       3.94319    Adj R-Sq            0.8867
Coeff Var          0.45564    AIC             -115.44923
BIC             -100.13453

                        Parameter Estimates                         

Variable            DF  Estimate  Standard Error   t Value  Pr > |t|
------------  --------  --------  --------------  --------  --------
Intercept            1   5.12141         0.56568      9.05    <.0001
volumePalay          1   0.00000         0.00000      0.32    0.7540
areaPalay            1  -0.00000         0.00000     -1.91    0.0808
areaApplied2         1   0.00000         0.00000      2.14    0.0539
region2              1   0.19656         0.12246      1.61    0.1345
region3              1   0.17949         0.14270      1.26    0.2324
region4              1  -0.75701         0.35895     -2.11    0.0566
region5              1  -0.09977         0.04782     -2.09    0.0590
region6              1  -0.82738         0.37015     -2.24    0.0452
year2                1   0.00945         0.01052      0.90    0.3867
year3                1   0.06478         0.01182      5.48    0.0001
year4                1  -0.01415         0.01246     -1.14    0.2781

                                              Selection Method: R-Square Selection                                               

Number in Model  R-Square  Adj R-Sq  Variables in Model                                                                          
---------------  --------  --------  --------------------------------------------------------------------------------------------
             11    0.9409    0.8867  volumepalay areapalay areaapplied2 region2 region3 region4 region5 region6 year2 year3 year4
             10    0.9404    0.8945  areapalay areaapplied2 region2 region3 region4 region5 region6 year2 year3 year4            
              9    0.9363    0.8953  areapalay areaapplied2 region2 region3 region4 region5 region6 year3 year4                  
              8    0.9270    0.8881  areapalay areaapplied2 region2 region4 region5 region6 year3 year4                          
              7    0.9183    0.8826  volumepalay areaapplied2 region5 region6 year2 year3 year4                                  
              6    0.9135    0.8830  areapalay region4 region5 year2 year3 year4                                                 
              5    0.9084    0.8830  areapalay region4 region5 year3 year4                                                       
              4    0.8763    0.8502  areaapplied2 region4 year3 year4                                                            
              3    0.8422    0.8186  areaapplied2 region4 year3                                                                  
              2    0.7540    0.7305  areaapplied2 year3                                                                          
              1    0.3818    0.3537  year3                                                                                       

                                                   The REG Procedure                                                    
                                                     Model: MODEL1                                                      
                                          Dependent Variable: lnspecialMilled                                           

Source                 DF  Sum of Squares  Mean Square   F Value    Pr > F
---------------  --------  --------------  -----------  --------  --------
Model                  11         0.06167      0.00561     17.37    <.0001
Error                  12         0.00387      0.00032                    
Corrected Total        23         0.06555                                 

Root MSE           0.01797    R-Square            0.9409
Dependent Mean       3.94319    Adj R-Sq            0.8867
Coeff Var          0.45564

                                                                          Parameter Estimates                                                                           

Variable            DF  Estimate  Standard Error   t Value  Pr > |t|  Standardized Estimate  Tolerance  Variance Inflation  95% Confidence Limits  95% Confidence Limits
------------  --------  --------  --------------  --------  --------  ---------------------  ---------  ------------------  ---------------------  ---------------------
Intercept            1   5.12141         0.56568      9.05    <.0001                0.00000          .                   .                3.88889                6.35393
volumePalay          1   0.00000         0.00000      0.32    0.7540                1.12887    0.00040          2515.98023               -0.00000                0.00000
areaPalay            1  -0.00000         0.00000     -1.91    0.0808              -20.12212    0.00004         22611.69962               -0.00001                0.00000
areaApplied2         1   0.00000         0.00000      2.14    0.0539               12.28798    0.00015          6716.52716               -0.00000                0.00000
region2              1   0.19656         0.12246      1.61    0.1345                1.40169    0.00646           154.86005               -0.07027                0.46338
region3              1   0.17949         0.14270      1.26    0.2324                1.27997    0.00476           210.27266               -0.13143                0.49041
region4              1  -0.75701         0.35895     -2.11    0.0566               -5.39846    0.00075          1330.42735               -1.53909                0.02506
region5              1  -0.09977         0.04782     -2.09    0.0590               -0.71148    0.04234            23.61738               -0.20397                0.00443
region6              1  -0.82738         0.37015     -2.24    0.0452               -5.90029    0.00071          1414.74821               -1.63386               -0.02090
year2                1   0.00945         0.01052      0.90    0.3867                0.07828    0.64857             1.54184               -0.01347                0.03236
year3                1   0.06478         0.01182      5.48    0.0001                0.53677    0.51351             1.94736                0.03903                0.09053
year4                1  -0.01415         0.01246     -1.14    0.2781               -0.11726    0.46228             2.16318               -0.04129                0.01299

Heteroscedasticity Consistent (HC3) Standard Errors

Variable      Estimate  HC Std Error  HC t Value
------------  --------  ------------  ----------
Intercept      5.12141       1.02263        5.01
volumePalay    0.00000       0.00000        0.27
areaPalay     -0.00000       0.00000       -1.16
areaApplied2   0.00000       0.00000        1.14
region2        0.19656       0.17900        1.10
region3        0.17949       0.19917        0.90
region4       -0.75701       0.64994       -1.16
region5       -0.09977       0.08440       -1.18
region6       -0.82738       0.67280       -1.23
year2          0.00945       0.01100        0.86
year3          0.06478       0.01082        5.99
year4         -0.01415       0.01776       -0.80

                         Type I SS Parameter Estimates                         

Variable            DF  Estimate  Standard Error   t Value  Pr > |t|  Type I SS
------------  --------  --------  --------------  --------  --------  ---------
Intercept            1   5.12141         0.56568      9.05    <.0001  373.16968
volumePalay          1   0.00000         0.00000      0.32    0.7540    0.02362
areaPalay            1  -0.00000         0.00000     -1.91    0.0808    0.00536
areaApplied2         1   0.00000         0.00000      2.14    0.0539    0.00012
region2              1   0.19656         0.12246      1.61    0.1345    0.00312
region3              1   0.17949         0.14270      1.26    0.2324    0.00000
region4              1  -0.75701         0.35895     -2.11    0.0566    0.00335
region5              1  -0.09977         0.04782     -2.09    0.0590    0.00410
region6              1  -0.82738         0.37015     -2.24    0.0452    0.01031
year2                1   0.00945         0.01052      0.90    0.3867    0.00040
year3                1   0.06478         0.01182      5.48    0.0001    0.01086
year4                1  -0.01415         0.01246     -1.14    0.2781    0.00042

                                                          Correlation of Estimates                                                           

Variable      Intercept  volumePalay  areaPalay  areaApplied2   region2   region3   region4   region5   region6     year2     year3     year4
------------  ---------  -----------  ---------  ------------  --------  --------  --------  --------  --------  --------  --------  --------
Intercept       1.00000      0.43421   -0.96533       0.93008   0.77112   0.53618  -0.99803  -0.36339  -0.99807  -0.06239  -0.36903   0.28383
volumePalay     0.43421      1.00000   -0.63617       0.30949   0.53397   0.21132  -0.41230   0.57607  -0.40888  -0.04360  -0.43046   0.42084
areaPalay      -0.96533     -0.63617    1.00000      -0.90776  -0.74071  -0.42978   0.95278   0.11543   0.95213   0.04170   0.41340  -0.39370
areaApplied2    0.93008      0.30949   -0.90776       1.00000   0.48921   0.20762  -0.91290  -0.29008  -0.91415   0.00696  -0.27442   0.35609
region2         0.77112      0.53397   -0.74071       0.48921   1.00000   0.90596  -0.79341  -0.30330  -0.79134  -0.13666  -0.39517   0.09835
region3         0.53618      0.21132   -0.42978       0.20762   0.90596   1.00000  -0.57749  -0.51314  -0.57576  -0.15739  -0.25706  -0.13552
region4        -0.99803     -0.41230    0.95278      -0.91290  -0.79341  -0.57749   1.00000   0.40218   0.99938   0.06051   0.35742  -0.26612
region5        -0.36339      0.57607    0.11543      -0.29008  -0.30330  -0.51314   0.40218   1.00000   0.40432   0.05807  -0.08570   0.28649
region6        -0.99807     -0.40888    0.95213      -0.91415  -0.79134  -0.57576   0.99938   0.40432   1.00000   0.06008   0.35608  -0.26565
year2          -0.06239     -0.04360    0.04170       0.00696  -0.13666  -0.15739   0.06051   0.05807   0.06008   1.00000   0.47195   0.43998
year3          -0.36903     -0.43046    0.41340      -0.27442  -0.39517  -0.25706   0.35742  -0.08570   0.35608   0.47195   1.00000   0.18944
year4           0.28383      0.42084   -0.39370       0.35609   0.09835  -0.13552  -0.26612   0.28649  -0.26565   0.43998   0.18944   1.00000

                                                           Covariance of Estimates                                                           

Variable      Intercept  volumePalay  areaPalay  areaApplied2   region2   region3   region4   region5   region6     year2     year3     year4
------------  ---------  -----------  ---------  ------------  --------  --------  --------  --------  --------  --------  --------  --------
Intercept       0.32000      0.00000   -0.00000       0.00000   0.05342   0.04328  -0.20265  -0.00983  -0.20898  -0.00037  -0.00247   0.00200
volumePalay     0.00000      0.00000   -0.00000       0.00000   0.00000   0.00000  -0.00000   0.00000  -0.00000  -0.00000  -0.00000   0.00000
areaPalay      -0.00000     -0.00000    0.00000      -0.00000  -0.00000  -0.00000   0.00000   0.00000   0.00000   0.00000   0.00000  -0.00000
areaApplied2    0.00000      0.00000   -0.00000       0.00000   0.00000   0.00000  -0.00000  -0.00000  -0.00000   0.00000  -0.00000   0.00000
region2         0.05342      0.00000   -0.00000       0.00000   0.01500   0.01583  -0.03488  -0.00178  -0.03587  -0.00018  -0.00057   0.00015
region3         0.04328      0.00000   -0.00000       0.00000   0.01583   0.02036  -0.02958  -0.00350  -0.03041  -0.00024  -0.00043  -0.00024
region4        -0.20265     -0.00000    0.00000      -0.00000  -0.03488  -0.02958   0.12884   0.00690   0.13278   0.00023   0.00152  -0.00119
region5        -0.00983      0.00000    0.00000      -0.00000  -0.00178  -0.00350   0.00690   0.00229   0.00716   0.00003  -0.00005   0.00017
region6        -0.20898     -0.00000    0.00000      -0.00000  -0.03587  -0.03041   0.13278   0.00716   0.13701   0.00023   0.00156  -0.00122
year2          -0.00037     -0.00000    0.00000       0.00000  -0.00018  -0.00024   0.00023   0.00003   0.00023   0.00011   0.00006   0.00006
year3          -0.00247     -0.00000    0.00000      -0.00000  -0.00057  -0.00043   0.00152  -0.00005   0.00156   0.00006   0.00014   0.00003
year4           0.00200      0.00000   -0.00000       0.00000   0.00015  -0.00024  -0.00119   0.00017  -0.00122   0.00006   0.00003   0.00016

                                                     Consistent Covariance of Estimates                                                      

Variable      Intercept  volumePalay  areaPalay  areaApplied2   region2   region3   region4   region5   region6     year2     year3     year4
------------  ---------  -----------  ---------  ------------  --------  --------  --------  --------  --------  --------  --------  --------
Intercept       1.04576      0.00000   -0.00000       0.00000   0.14458   0.12064  -0.66392  -0.06737  -0.68709  -0.00125  -0.00256  -0.00509
volumePalay     0.00000      0.00000   -0.00000       0.00000   0.00000   0.00000  -0.00000   0.00000  -0.00000   0.00000  -0.00000   0.00000
areaPalay      -0.00000     -0.00000    0.00000      -0.00000  -0.00000  -0.00000   0.00000   0.00000   0.00000   0.00000   0.00000   0.00000
areaApplied2    0.00000      0.00000   -0.00000       0.00000   0.00000   0.00000  -0.00000  -0.00000  -0.00000  -0.00000  -0.00000  -0.00000
region2         0.14458      0.00000   -0.00000       0.00000   0.03204   0.03326  -0.09441  -0.01075  -0.09752   0.00017  -0.00013  -0.00055
region3         0.12064      0.00000   -0.00000       0.00000   0.03326   0.03967  -0.08104  -0.01236  -0.08402   0.00023   0.00020  -0.00086
region4        -0.66392     -0.00000    0.00000      -0.00000  -0.09441  -0.08104   0.42242   0.04380   0.43717   0.00068   0.00146   0.00326
region5        -0.06737      0.00000    0.00000      -0.00000  -0.01075  -0.01236   0.04380   0.00712   0.04566   0.00019   0.00007   0.00083
region6        -0.68709     -0.00000    0.00000      -0.00000  -0.09752  -0.08402   0.43717   0.04566   0.45266   0.00074   0.00152   0.00350
year2          -0.00125      0.00000    0.00000      -0.00000   0.00017   0.00023   0.00068   0.00019   0.00074   0.00012   0.00006   0.00007
year3          -0.00256     -0.00000    0.00000      -0.00000  -0.00013   0.00020   0.00146   0.00007   0.00152   0.00006   0.00012   0.00007
year4          -0.00509      0.00000    0.00000      -0.00000  -0.00055  -0.00086   0.00326   0.00083   0.00350   0.00007   0.00007   0.00032

                                                                                                                                X'X Crossproducts Matrix                                                                                                                                

                         Col1                        Col2                       Col3                             Col4                 Col5                 Col6               Col7                Col8               Col9                Col10                Col11                Col12
--------  -------------------  --------------------------  -------------------------  -------------------------------  -------------------  -------------------  -----------------  ------------------  -----------------  -------------------  -------------------  -------------------
Col1                 24.00000              42225019.86000              9144068.29000              4674580195818.67090              4.00000              4.00000            4.00000             4.00000            4.00000              6.00000              6.00000              6.00000
Col2           42225019.86000       109916873007459.68750       22776896326003.66406       13549076131808903168.00000       11509980.58000       14631501.79000      1626133.11000       5273596.95000      1423143.93000       10573221.00000       10722323.64000       10241970.75000
Col3            9144068.29000        22776896326003.66406        4758383407799.26562        2775120116106492416.00000        2457625.05000        2837226.05000       430735.33000       1385493.78000       397918.98000        2286572.86000        2285090.32000        2264082.97000
Col4      4674580195818.67090  13549076131808903168.00000  2775120116106492416.00000  1726715541144320455213056.00000  1506785370265.35059  1997591489624.61279  39705688843.23740  437588029656.94440  28007383529.15750  1169794858282.05420  1175753591844.32910  1133253816522.88843
Col5                  4.00000              11509980.58000              2457625.05000              1506785370265.35059              4.00000              0.00000            0.00000             0.00000            0.00000              1.00000              1.00000              1.00000
Col6                  4.00000              14631501.79000              2837226.05000              1997591489624.61279              0.00000              4.00000            0.00000             0.00000            0.00000              1.00000              1.00000              1.00000
Col7                  4.00000               1626133.11000               430735.33000                39705688843.23740              0.00000              0.00000            4.00000             0.00000            0.00000              1.00000              1.00000              1.00000
Col8                  4.00000               5273596.95000              1385493.78000               437588029656.94440              0.00000              0.00000            0.00000             4.00000            0.00000              1.00000              1.00000              1.00000
Col9                  4.00000               1423143.93000               397918.98000                28007383529.15750              0.00000              0.00000            0.00000             0.00000            4.00000              1.00000              1.00000              1.00000
Col10                 6.00000              10573221.00000              2286572.86000              1169794858282.05420              1.00000              1.00000            1.00000             1.00000            1.00000              6.00000              0.00000              0.00000
Col11                 6.00000              10722323.64000              2285090.32000              1175753591844.32910              1.00000              1.00000            1.00000             1.00000            1.00000              0.00000              6.00000              0.00000
Col12                 6.00000              10241970.75000              2264082.97000              1133253816522.88843              1.00000              1.00000            1.00000             1.00000            1.00000              0.00000              0.00000              6.00000

                                               (X'X) Inverse Crossproducts Matrix                                               

              Col1      Col2      Col3      Col4      Col5      Col6      Col7      Col8      Col9     Col10     Col11     Col12
--------  --------  --------  --------  --------  --------  --------  --------  --------  --------  --------  --------  --------
Col1       0.00000  -0.00000   0.00000   0.00000   0.00000  -0.00000  -0.00000   0.00000   0.00000   0.00000  -0.00000   0.00000
Col2      -0.00000   0.00000  -0.00000  -0.00000  -0.00000   0.00000   0.00000  -0.00000  -0.00000  -0.00000   0.00000  -0.00000
Col3       0.00000  -0.00000   0.00000   0.00000   0.00000  -0.00000  -0.00000   0.00000   0.00000   0.00000  -0.00000   0.00000
Col4       0.00000  -0.00000   0.00000   0.00000   0.00000  -0.00000  -0.00000   0.00000   0.00000   0.00000  -0.00000   0.00000
Col5       0.00000  -0.00000   0.00000   0.00000   0.00000  -0.00000  -0.00000   0.00000   0.00000   0.00000  -0.00000   0.00000
Col6      -0.00000   0.00000  -0.00000  -0.00000  -0.00000   0.00000   0.00000  -0.00000  -0.00000  -0.00000   0.00000  -0.00000
Col7      -0.00000   0.00000  -0.00000  -0.00000  -0.00000   0.00000   0.00000  -0.00000  -0.00000  -0.00000   0.00000  -0.00000
Col8       0.00000  -0.00000   0.00000   0.00000   0.00000  -0.00000  -0.00000   0.00000   0.00000   0.00000  -0.00000   0.00000
Col9       0.00000  -0.00000   0.00000   0.00000   0.00000  -0.00000  -0.00000   0.00000   0.00000   0.00000  -0.00000   0.00000
Col10      0.00000  -0.00000   0.00000   0.00000   0.00000  -0.00000  -0.00000   0.00000   0.00000   0.00000  -0.00000   0.00000
Col11     -0.00000   0.00000  -0.00000  -0.00000  -0.00000   0.00000   0.00000  -0.00000  -0.00000  -0.00000   0.00000  -0.00000
Col12      0.00000  -0.00000   0.00000   0.00000   0.00000  -0.00000  -0.00000   0.00000   0.00000   0.00000  -0.00000   0.00000

                                                                  Collinearity Diagnostics                                                                   

  Number  Eigenvalue  Condition Index    Prop 1    Prop 2    Prop 3    Prop 4    Prop 5    Prop 6    Prop 7    Prop 8    Prop 9   Prop 10   Prop 11   Prop 12
--------  ----------  ---------------  --------  --------  --------  --------  --------  --------  --------  --------  --------  --------  --------  --------
       1     5.20198          1.00000    0.0000    0.0000    0.0000    0.0000    0.0001    0.0001    0.0000    0.0001    0.0000    0.0041    0.0033    0.0028
       2     1.46105          1.88691    0.0000    0.0000    0.0000    0.0000    0.0001    0.0003    0.0001    0.0017    0.0001    0.0119    0.0091    0.0097
       3     1.00587          2.27413    0.0000    0.0000    0.0000    0.0000    0.0002    0.0005    0.0001    0.0220    0.0001    0.0001    0.0004    0.0003
       4     1.00016          2.28060    0.0000    0.0000    0.0000    0.0000    0.0024    0.0007    0.0000    0.0038    0.0000    0.0000    0.0435    0.0410
       5     1.00000          2.28079    0.0000    0.0000    0.0000    0.0000    0.0007    0.0002    0.0000    0.0007    0.0000    0.0781    0.0394    0.1799
       6     1.00000          2.28079    0.0000    0.0000    0.0000    0.0000    0.0002    0.0001    0.0001    0.0004    0.0001    0.1703    0.0798    0.0065
       7     1.00000          2.28079    0.0000    0.0000    0.0000    0.0000    0.0000    0.0000    0.0002    0.0000    0.0002    0.0758    0.0937    0.0034
       8     0.21913          4.87226    0.0000    0.0000    0.0000    0.0000    0.0009    0.0005    0.0002    0.0108    0.0002    0.4969    0.3939    0.3515
       9     0.11098          6.84632    0.0001    0.0001    0.0000    0.0000    0.0091    0.0091    0.0001    0.0225    0.0001    0.1296    0.1047    0.0868
      10     0.00068         87.18895    0.0155    0.0027    0.0000    0.0478    0.4168    0.7986    0.0313    0.2617    0.0307    0.0305    0.0118    0.1240
      11     0.00013        197.40771    0.0287    0.6488    0.0034    0.0951    0.0277    0.0000    0.0342    0.6489    0.0357    0.0009    0.0589    0.0514
      12     0.00001        806.32015    0.9557    0.3484    0.9966    0.8571    0.5419    0.1899    0.9337    0.0275    0.9329    0.0018    0.1615    0.1429

        Durbin-Watson Test         

Statistic                     Value
-------------------------  --------
Durbin-Watson D              1.7176
1st Order Autocorrelation    0.1412

                                      Output Statistics                                       

     Obs  Dep Var lnspecialMilled  Predicted  Residual      LCLM      UCLM       LCL       UCL
--------  -----------------------  ---------  --------  --------  --------  --------  --------
       1                   3.8749     3.8522    0.0227    3.8455    3.8590    3.8125    3.8920
       2                   3.9230     3.9131    0.0098    3.8978    3.9285    3.8711    3.9552
       3                   3.9453     3.9504   -0.0052    3.9322    3.9686    3.9073    3.9936
       4                   3.9750     3.9581    0.0169    3.9417    3.9745    3.9156    4.0005
       5                   3.9138     3.9204   -0.0066    3.9140    3.9269    3.8808    3.9601
       6                   3.8137     3.8514   -0.0377    3.8349    3.8679    3.8089    3.8939
       7                   3.8662     3.8748   -0.0086    3.8682    3.8814    3.8351    3.9145
       8                   3.9346     3.9295    0.0051    3.9148    3.9442    3.8877    3.9713
       9                   3.9750     3.9691    0.0059    3.9566    3.9816    3.9280    4.0102
      10                   3.9701     3.9859   -0.0158    3.9682    4.0036    3.9430    4.0289
      11                   3.9265     3.9147    0.0118    3.9078    3.9216    3.8750    3.9545
      12                   3.8957     3.8940    0.0017    3.8798    3.9083    3.8524    3.9357
      13                   3.8902     3.8985   -0.0083    3.8923    3.9047    3.8589    3.9382
      14                   3.9293     3.9420   -0.0128    3.9229    3.9611    3.8985    3.9856
      15                   3.9716     3.9699    0.0017    3.9558    3.9841    3.9283    4.0116
      16                   3.9894     3.9878    0.0015    3.9715    4.0041    3.9454    4.0302
      17                   3.9422     3.9445   -0.0024    3.9379    3.9512    3.9048    3.9842
      18                   3.9054     3.8852    0.0202    3.8696    3.9007    3.8430    3.9273
      19                   3.9555     3.9612   -0.0057    3.9551    3.9673    3.9216    4.0008
      20                   3.9886     3.9908   -0.0021    3.9712    4.0103    3.9470    4.0345
      21                   4.0293     4.0317   -0.0024    4.0183    4.0451    3.9903    4.0730
      22                   4.0464     4.0490   -0.0026    4.0302    4.0679    4.0056    4.0925
      23                   3.9866     3.9894   -0.0028    3.9818    3.9970    3.9495    4.0293
      24                   3.9884     3.9727    0.0158    3.9568    3.9886    3.9304    4.0149

                Output Statistics                 

     Obs  RStudent    DFFITS  Cook's D  Hat Diag H
--------  --------  --------  --------  ----------
       1    1.3223    0.2316  0.004206      0.0298
       2    0.5778    0.2467  0.005370      0.1542
       3   -0.3126   -0.1643  0.002432      0.2165
       4    1.0403    0.4796  0.019037      0.1753
       5   -0.3591   -0.0598  0.000321      0.0270
       6   -2.9731   -1.3835  0.096472      0.1780
       7   -0.4710   -0.0803  0.000575      0.0283
       8    0.2929    0.1188  0.001272      0.1412
       9    0.3332    0.1123  0.001135      0.1020
      10   -0.9862   -0.4993  0.020824      0.2040
      11    0.6512    0.1161  0.001180      0.0308
      12    0.0960    0.0375  0.000128      0.1326
      13   -0.4538   -0.0731  0.000477      0.0253
      14   -0.8012   -0.4481  0.017250      0.2383
      15    0.0956    0.0370  0.000124      0.1300
      16    0.0908    0.0417  0.000158      0.1740
      17   -0.1282   -0.0220  0.000044      0.0286
      18    1.2565    0.5443  0.023548      0.1580
      19   -0.3115   -0.0492  0.000218      0.0243
      20   -0.1320   -0.0763  0.000528      0.2504
      21   -0.1362   -0.0495  0.000223      0.1168
      22   -0.1606   -0.0882  0.000706      0.2318
      23   -0.1537   -0.0305  0.000084      0.0378
      24    0.9563    0.4253  0.015180      0.1651

                                                The UNIVARIATE Procedure
                                          Variable:  SPECIALRESID  (Residual)

                                                        Moments

N                                 24    Sum Weights                       24
Mean                        0.000000    Sum Observations            0.000000
Std Deviation               0.012978    Variance                    0.000168
Skewness                   -0.644706    Kurtosis                    1.986651
Uncorrected SS              0.003874    Corrected SS                0.003874
Coeff Variation                    .    Std Error Mean              0.002649

         Basic Statistical Measures         

Location             Variability            
--------  ---------  -------------  --------
Mean       0.000000  Std Deviation  0.012978
Median    -0.002255  Variance       0.000168
Mode              .  Range          0.060370

Quantiles (Definition 5)

Quantile     Estimate
----------  ---------
0% Min      -0.037666
1%          -0.037666
5%          -0.015826
10%         -0.012756
25% Q1      -0.006178
50% Median  -0.002255
75% Q3       0.007860
90%          0.016916
95%          0.020234
99%          0.022704
100% Max     0.022704

         Extreme Observations          

Lowest               Highest           
--------  ---------  --------  --------
Value     -0.037666  Value     0.011805
Value     -0.015826  Value     0.015756
Value     -0.012756  Value     0.016916
Value     -0.008626  Value     0.020234
Value     -0.008331  Value     0.022704







          Tests for Normality          

Test                Statistic   p Value
------------------  ---------  --------
Shapiro-Wilk        0.941551465  0.176630799
Kolmogorov-Smirnov  0.128130299  0.779567466
Anderson-Darling    0.455424238      0.15
Cramer-von Mises    0.068810282  0.763583458




         Tests for Location          

Test                Statistic   p Value
------------------  ---------  --------
Student's t                 0         1
Sign                       -1  0.838819742
Signed Rank               -10  0.886402959


                    Stem Leaf                     #  Boxplot
                 -1 |9999999999999         13  *
                  0 |00000000000           11  *
                     ----+----+----+----+
               Multiply Stem.Leaf by 1



                      Schematic Plots
        Variable=Residual
           |     +-----+
           |     |     |
        -0.015826-----*-----0.022704   (box plot)
           |     |     |
           |     +-----+



                         Normal Probability Plot
    0.0227+                                         +++*
          |                                   * *++*
          |                                  *+++
          |                              ++*+
          |                           +++**
          |                     ****+****
          |                  ***++
          |               **+++
          |          *  *++
          |         ++++
          |     ++++
          |  +++
          |++
   -0.0377+      *
           +----+----+----+----+----+----+----+----+----+----+
               -2        -1         0        +1        +2

