                    The CORR Procedure
          4 Variables:    regularMilled   volumePalay   areaPalay   areaApplied
                    Simple Statistics
Variable         N      Mean   Std Dev       Sum   Minimum   Maximum
--------  --------  --------  --------  --------  --------  --------
regularMilled        24       38.43000        2.14292       922.32000      35.13000       42.62000
volumePalay          24  1759375.82750  1244591.66955  42225019.86000  331469.66000  3741210.53000
areaPalay            24   381002.84542   235396.73917   9144068.29000   96233.01000   728062.51000
areaApplied          24   373637.25500   239933.41794   8967294.12000   79776.54000   724200.98000
   Pearson Correlation Coefficients, N = 24
          Prob > |r| under H0: Rho=0
          regularMilledvolumePalay areaPalayareaApplied
--------  --------  --------  --------  --------
regularMilled   1.00000  -0.30323  -0.32651  -0.32743
              .       0.1498    0.1194    0.1183
volumePalay  -0.30323   1.00000   0.99268   0.99347
            0.1498      .       <.0001    <.0001
areaPalay  -0.32651   0.99268   1.00000   0.99971
            0.1194    <.0001      .       <.0001
areaApplied  -0.32743   0.99347   0.99971   1.00000
            0.1183    <.0001    <.0001      .

  Obs  wellMilled  regularMilled  specialMilled  volumePalay  areaPalay  areaApplied  region  region2  region3  region4  region5  region6  year  year2  year3  year4  regularMilled3
-----  ----------  -------------  -------------  -----------  ---------  -----------  ------  -------  -------  -------  -------  -------  ----  -----  -----  -----  --------------
    1       41.98          38.35          48.18    376473.48  102562.19     79776.54       6        0        0        0        0        1     4      0      0      1    56402.207875
    2       41.42           36.4          50.55   1902661.85     407701    406086.51       1        0        0        0        0        0     4      0      0      1       48228.544
    3       44.82          35.13          51.69   2645776.78     589717       589379       2        1        0        0        0        0     4      0      0      1    43354.526697
    4       42.84          36.99          53.25   3635147.59   711208.1    707051.26       3        0        1        0        0        0     4      0      0      1    50611.941099
    5       41.72          38.44          50.09    386919.93  106265.69    102208.62       4        0        0        1        0        0     4      0      0      1    56800.235584
    6       41.66          37.86          45.32   1294991.12  346628.99    322873.93       5        0        0        0        1        0     4      0      0      1    54267.751656
    7       42.93          38.16          47.76    377133.35  101555.75     86341.79       6        0        0        0        0        1     1      0      0      0    55568.042496
    8       41.11          36.35          51.14    1902342.6     409035       409013       1        0        0        0        0        0     1      0      0      0    48030.072875
    9       44.79          35.44          53.25   2909950.48  613121.35       612913       2        1        0        0        0        0     1      0      0      0    44512.413184
   10       44.17          37.34          52.99   3741210.53  728062.51    724200.98       3        0        1        0        0        0     1      0      0      0    52062.250904
   11       42.41          38.08          50.73    409915.07  110537.97    100097.08       4        0        0        1        0        0     1      0      0      0    55219.290112
   12       41.62          38.21          49.19   1346952.44  346009.56    332990.33       5        0        0        0        1        0     1      0      0      0    55786.756661
   13       43.63           39.2          48.92    338067.44   97568.03     82860.63       6        0        0        0        0        1     2      1      0      0       60236.288
   14       40.48           36.7          50.87   1965372.37  407408.35    406411.29       1        0        0        0        0        0     2      1      0      0       49430.863
   15       44.53           35.5          53.07    2928165.7   622058.3    620200.05       2        1        0        0        0        0     2      1      0      0       44738.875
   16       44.25          38.22          54.02   3616712.39  705078.46    702782.71       3        0        1        0        0        0     2      1      0      0    55830.568248
   17       43.28           38.7          51.53    395898.69   105611.7     98025.29       4        0        0        1        0        0     2      1      0      0       57960.603
   18       42.16          38.86          49.67   1329004.41  348848.02    331056.25       5        0        0        0        1        0     2      1      0      0    58682.470456
   19       46.86          41.98          52.22    331469.66   96233.01     85570.43       6        0        0        0        0        1     3      0      1      0    73982.210392
   20        43.9          40.14          53.98   1990286.68  410924.75    409309.43       1        0        0        0        0        0     3      0      1      0    64674.354744
   21       48.57          39.49          56.22   3026087.62   632728.4    631749.41       2        1        0        0        0        0     3      0      1      0    61583.079349
   22       47.95          42.38          57.19   3638431.28  692876.98    692314.53       3        0        1        0        0        0     3      0      1      0    76117.209272
   23       45.78          41.78          53.87    433399.42  108319.97     98136.15       4        0        0        1        0        0     3      0      1      0    72929.847752
   24       46.13          42.62          53.97   1302648.98  344007.21    335945.91       5        0        0        0        1        0     3      0      1      0    77417.712728

                                                   The REG Procedure                                                    
                                                     Model: MODEL1                                                      
                                           Dependent Variable: regularMilled3                                           

Source                 DF    Sum of Squares      Mean Square   F Value    Pr > F
---------------  --------  ----------------  ---------------  --------  --------
Model                  11  2178878367.92909  198079851.62992     90.35    <.0001
Error                  12    26309387.64997    2192448.97083                    
Corrected Total        23  2205187755.57905                                     

Root MSE        1480.69206    R-Square            0.9881
Dependent Mean   57267.83813    Adj R-Sq            0.9771
Coeff Var          2.58556    AIC              427.88623
BIC              443.20093

                          Parameter Estimates                          

Variable           DF      Estimate  Standard Error   t Value  Pr > |t|
-----------  --------  ------------  --------------  --------  --------
Intercept           1   83093.32516     17873.22172      4.65    0.0006
volumePalay         1       0.01831         0.01207      1.52    0.1551
areaPalay           1      -0.36429         0.14165     -2.57    0.0245
areaApplied         1       0.19051         0.11630      1.64    0.1273
region2             1   14485.31238      9157.23735      1.58    0.1397
region3             1   27151.05536     12277.00363      2.21    0.0472
region4             1  -14765.33024     13015.13788     -1.13    0.2788
region5             1   12271.78732      4984.04005      2.46    0.0299
region6             1  -12960.69869     13698.70375     -0.95    0.3627
year2               1    2414.14235       872.21666      2.77    0.0170
year3               1   18135.33987       961.26711     18.87    <.0001
year4               1     268.91986      1062.38872      0.25    0.8045

                                              Selection Method: R-Square Selection                                              

Number in Model  R-Square  Adj R-Sq  Variables in Model                                                                         
---------------  --------  --------  -------------------------------------------------------------------------------------------
             11    0.9881    0.9771  volumepalay areapalay areaapplied region2 region3 region4 region5 region6 year2 year3 year4
             10    0.9880    0.9788  volumepalay areapalay areaapplied region2 region3 region4 region5 region6 year2 year3      
              9    0.9868    0.9784  volumepalay areapalay areaapplied region2 region3 region4 region5 year2 year3              
              8    0.9854    0.9775  areapalay areaapplied region2 region3 region4 region5 year2 year3                          
              7    0.9827    0.9751  areapalay areaapplied region2 region3 region5 year2 year3                                  
              6    0.9810    0.9742  areapalay region2 region3 region5 year2 year3                                              
              5    0.9794    0.9737  areapalay region3 region5 year2 year3                                                      
              4    0.9657    0.9585  areapalay region3 region5 year3                                                            
              3    0.9240    0.9126  volumepalay region3 year3                                                                  
              2    0.8614    0.8482  region2 year3                                                                              
              1    0.6959    0.6820  year3                                                                                      

                                                   The REG Procedure                                                    
                                                     Model: MODEL1                                                      
                                           Dependent Variable: regularMilled3                                           

Source                 DF    Sum of Squares      Mean Square   F Value    Pr > F
---------------  --------  ----------------  ---------------  --------  --------
Model                  11  2178878367.92909  198079851.62992     90.35    <.0001
Error                  12    26309387.64997    2192448.97083                    
Corrected Total        23  2205187755.57905                                     

Root MSE        1480.69206    R-Square            0.9881
Dependent Mean   57267.83813    Adj R-Sq            0.9771
Coeff Var          2.58556

                                                                            Parameter Estimates                                                                            

Variable           DF      Estimate  Standard Error   t Value  Pr > |t|  Standardized Estimate  Tolerance  Variance Inflation  95% Confidence Limits  95% Confidence Limits
-----------  --------  ------------  --------------  --------  --------  ---------------------  ---------  ------------------  ---------------------  ---------------------
Intercept           1   83093.32516     17873.22172      4.65    0.0006                0.00000          .                   .            44150.92037           122035.72994
volumePalay         1       0.01831         0.01207      1.52    0.1551                2.32766    0.00042          2366.86417               -0.00798                0.04461
areaPalay           1      -0.36429         0.14165     -2.57    0.0245               -8.75765    0.00009         11663.61063               -0.67292               -0.05566
areaApplied         1       0.19051         0.11630      1.64    0.1273                4.66826    0.00012          8167.82538               -0.06287                0.44390
region2             1   14485.31238      9157.23735      1.58    0.1397                0.56318    0.00784           127.49061            -5466.59383            34437.21860
region3             1   27151.05536     12277.00363      2.21    0.0472                1.05561    0.00436           229.15747              401.76234            53900.34839
region4             1  -14765.33024     13015.13788     -1.13    0.2788               -0.57406    0.00388           257.54125           -43122.87962            13592.21915
region5             1   12271.78732      4984.04005      2.46    0.0299                0.47712    0.02648            37.76698             1412.49692            23131.07772
region6             1  -12960.69869     13698.70375     -0.95    0.3627               -0.50390    0.00351           285.30422           -42807.61017            16886.21279
year2               1    2414.14235       872.21666      2.77    0.0170                0.10906    0.64042             1.56146              513.74550             4314.53921
year3               1   18135.33987       961.26711     18.87    <.0001                0.81924    0.52726             1.89658            16040.91875            20229.76098
year4               1     268.91986      1062.38872      0.25    0.8045                0.01215    0.43167             2.31659            -2045.82631             2583.66603

Heteroscedasticity Consistent (HC3) Standard Errors

Variable         Estimate  HC Std Error  HC t Value
-----------  ------------  ------------  ----------
Intercept     83093.32516   45535.71398        1.82
volumePalay       0.01831       0.02608        0.70
areaPalay        -0.36429       0.22706       -1.60
areaApplied       0.19051       0.15556        1.22
region2       14485.31238   23732.98520        0.61
region3       27151.05536   29039.49795        0.93
region4      -14765.33024   31845.16841       -0.46
region5       12271.78732    6733.61940        1.82
region6      -12960.69869   33087.32835       -0.39
year2          2414.14235     998.07900        2.42
year3         18135.33987    1406.01795       12.90
year4           268.91986    1368.47736        0.20

                              Type I SS Parameter Estimates                               

Variable           DF      Estimate  Standard Error   t Value  Pr > |t|          Type I SS
-----------  --------  ------------  --------------  --------  --------  -----------------
Intercept           1   83093.32516     17873.22172      4.65    0.0006  78710526813.88988
volumePalay         1       0.01831         0.01207      1.52    0.1551    177003118.31533
areaPalay           1      -0.36429         0.14165     -2.57    0.0245     86257835.91460
areaApplied         1       0.19051         0.11630      1.64    0.1273     17894008.26140
region2             1   14485.31238      9157.23735      1.58    0.1397    131454335.78488
region3             1   27151.05536     12277.00363      2.21    0.0472    108518164.32679
region4             1  -14765.33024     13015.13788     -1.13    0.2788     30718950.51734
region5             1   12271.78732      4984.04005      2.46    0.0299    739220981.09390
region6             1  -12960.69869     13698.70375     -0.95    0.3627     15572748.39615
year2               1    2414.14235       872.21666      2.77    0.0170     68216865.70209
year3               1   18135.33987       961.26711     18.87    <.0001    803880881.60454
year4               1     268.91986      1062.38872      0.25    0.8045       140478.01207

                                                         Correlation of Estimates                                                          

Variable     Intercept  volumePalay  areaPalay  areaApplied   region2   region3   region4   region5   region6     year2     year3     year4
-----------  ---------  -----------  ---------  -----------  --------  --------  --------  --------  --------  --------  --------  --------
Intercept      1.00000      0.33726   -0.20740     -0.28606   0.98762   0.95710  -0.98986  -0.38005  -0.98179  -0.21061  -0.23645  -0.24229
volumePalay    0.33726      1.00000   -0.66986      0.19701   0.38040   0.07645  -0.23056   0.67166  -0.20445  -0.02475  -0.40528   0.39414
areaPalay     -0.20740     -0.66986    1.00000     -0.81170  -0.23139  -0.03837   0.08969  -0.69341   0.02998  -0.02473   0.41429  -0.44357
areaApplied   -0.28606      0.19701   -0.81170      1.00000  -0.27572  -0.34923   0.37325   0.65366   0.43023   0.11230  -0.22483   0.42968
region2        0.98762      0.38040   -0.23139     -0.27572   1.00000   0.94551  -0.97167  -0.32088  -0.96321  -0.18436  -0.22940  -0.19925
region3        0.95710      0.07645   -0.03837     -0.34923   0.94551   1.00000  -0.97500  -0.57136  -0.97356  -0.19041  -0.11570  -0.34394
region4       -0.98986     -0.23056    0.08969      0.37325  -0.97167  -0.97500   1.00000   0.49087   0.99496   0.19292   0.16228   0.28987
region5       -0.38005      0.67166   -0.69341      0.65366  -0.32088  -0.57136   0.49087   1.00000   0.52626   0.12063  -0.27942   0.57872
region6       -0.98179     -0.20445    0.02998      0.43023  -0.96321  -0.97356   0.99496   0.52626   1.00000   0.19533   0.14070   0.31369
year2         -0.21061     -0.02475   -0.02473      0.11230  -0.18436  -0.19041   0.19292   0.12063   0.19533   1.00000   0.45189   0.46836
year3         -0.23645     -0.40528    0.41429     -0.22483  -0.22940  -0.11570   0.16228  -0.27942   0.14070   0.45189   1.00000   0.18457
year4         -0.24229      0.39414   -0.44357      0.42968  -0.19925  -0.34394   0.28987   0.57872   0.31369   0.46836   0.18457   1.00000

                                                                                          Covariance of Estimates                                                                                           

Variable            Intercept  volumePalay   areaPalay  areaApplied           region2           region3           region4          region5           region6           year2           year3           year4
-----------  ----------------  -----------  ----------  -----------  ----------------  ----------------  ----------------  ---------------  ----------------  --------------  --------------  --------------
Intercept     319452054.53992     72.74866  -525.09206   -594.59978   161643357.68473   210016939.86743  -230264137.17899  -33855243.39612  -240381610.58115  -3283339.43061  -4062477.76340  -4600684.94390
volumePalay          72.74866      0.00015    -0.00115      0.00028          42.04018          11.32671         -36.21580         40.40065         -33.80065        -0.26054        -4.70177         5.05346
areaPalay          -525.09206     -0.00115     0.02006     -0.01337        -300.13667         -66.73185         165.35023       -489.54356          58.18231        -3.05548        56.41097       -66.75132
areaApplied        -594.59978      0.00028    -0.01337      0.01352        -293.62596        -498.62120         564.95208        378.87694         685.40078        11.39156       -25.13363        53.08762
region2       161643357.68473     42.04018  -300.13667   -293.62596    83854995.81239   106297743.12635  -115806592.74770  -14645190.43331  -120827492.46911  -1472477.95714  -2019292.09994  -1938455.21033
region3       210016939.86743     11.32671   -66.73185   -498.62120   106297743.12635   150724818.20323  -155792070.89555  -34961046.12356  -163732431.06603  -2038916.52507  -1365428.69068  -4485945.04779
region4      -230264137.17899    -36.21580   165.35023    564.95208  -115806592.74770  -155792070.89555   169393813.92997   31841954.19320   177392011.82706   2190082.91605   2030236.88805   4008114.65689
region5       -33855243.39612     40.40065  -489.54356    378.87694   -14645190.43331   -34961046.12356    31841954.19320   24840655.20602    35930160.29365    524381.88853  -1338709.31404   3064339.11863
region6      -240381610.58115    -33.80065    58.18231    685.40078  -120827492.46911  -163732431.06603   177392011.82706   35930160.29365   187654484.41743   2333824.61526   1852813.77580   4565240.98679
year2          -3283339.43061     -0.26054    -3.05548     11.39156    -1472477.95714    -2038916.52507     2190082.91605     524381.88853     2333824.61526    760761.90848    378879.37809    433993.89657
year3          -4062477.76340     -4.70177    56.41097    -25.13363    -2019292.09994    -1365428.69068     2030236.88805   -1338709.31404     1852813.77580    378879.37809    924034.45843    188490.29100
year4          -4600684.94390      5.05346   -66.75132     53.08762    -1938455.21033    -4485945.04779     4008114.65689    3064339.11863     4565240.98679    433993.89657    188490.29100   1128669.78664

                                                                                        Consistent Covariance of Estimates                                                                                        

Variable             Intercept  volumePalay    areaPalay  areaApplied           region2           region3            region4          region5            region6            year2           year3            year4
-----------  -----------------  -----------  -----------  -----------  ----------------  ----------------  -----------------  ---------------  -----------------  ---------------  --------------  ---------------
Intercept     2073501247.60020    917.66349  -6764.00104  -2649.25785  1077425644.70715  1303497780.14544  -1446437220.47711  -56632758.39649  -1499172956.98926  -18943076.71719  -1724476.29806  -10952197.11094
volumePalay          917.66349      0.00068     -0.00456     -0.00091         484.93621         506.47480         -609.90974         71.55891         -628.66230         -7.73364        -8.26576          6.06895
areaPalay          -6764.00104     -0.00456      0.05156     -0.01340       -3553.36014       -3906.52013         4390.32919       -777.42738         4374.69123         66.46441        48.17128        -49.43436
areaApplied        -2649.25785     -0.00091     -0.01340      0.02420       -1381.47107       -1681.83056         2032.66339        573.46149         2265.91198         15.09191        -6.52517         45.54765
region2       1077425644.70715    484.93621  -3553.36014  -1381.47107   563254586.68384   678529528.19990   -750604389.04934  -25529081.34283   -777942154.83895   -9483692.43153   -662090.03304   -4813838.54092
region3       1303497780.14544    506.47480  -3906.52013  -1681.83056   678529528.19990   843292440.93045   -916660767.71179  -58275216.01041   -950465338.87012  -11674358.62757   1985504.59649   -8530166.55123
region4      -1446437220.47711   -609.90974   4390.32919   2032.66339  -750604389.04934  -916660767.71179   1014114750.88051   53673617.00094   1052243370.99214   12819563.31549   -152733.98942    8544768.99656
region5        -56632758.39649     71.55891   -777.42738    573.46149   -25529081.34283   -58275216.01041     53673617.00094   45341630.23490     59894128.91927     222947.22570  -2895577.22403    4234155.77526
region6      -1499172956.98926   -628.66230   4374.69123   2265.91198  -777942154.83895  -950465338.87012   1052243370.99214   59894128.91927   1094771297.07292   13344166.53012     21849.12313    9358287.85711
year2          -18943076.71719     -7.73364     66.46441     15.09191    -9483692.43153   -11674358.62757     12819563.31549     222947.22570     13344166.53012     996161.69751    616956.47012     652354.19954
year3           -1724476.29806     -8.26576     48.17128     -6.52517     -662090.03304     1985504.59649      -152733.98942   -2895577.22403        21849.12313     616956.47012   1976886.47038     372212.23603
year4          -10952197.11094      6.06895    -49.43436     45.54765    -4813838.54092    -8530166.55123      8544768.99656    4234155.77526      9358287.85711     652354.19954    372212.23603    1872730.27890

                                                                                                X'X Crossproducts Matrix                                                                                                

                    Col1                   Col2                  Col3                  Col4            Col5            Col6           Col7           Col8           Col9           Col10           Col11           Col12
--------  --------------  ---------------------  --------------------  --------------------  --------------  --------------  -------------  -------------  -------------  --------------  --------------  --------------
Col1            24.00000         42225019.86000         9144068.29000         8967294.12000         4.00000         4.00000        4.00000        4.00000        4.00000         6.00000         6.00000         6.00000
Col2      42225019.86000  109916873007459.68750  22776896326003.66406  22600262430239.13281  11509980.58000  14631501.79000  1626133.11000  5273596.95000  1423143.93000  10573221.00000  10722323.64000  10241970.75000
Col3       9144068.29000   22776896326003.66406   4758383407799.26562   4715216163563.76758   2457625.05000   2837226.05000   430735.33000  1385493.78000   397918.98000   2286572.86000   2285090.32000   2264082.97000
Col4       8967294.12000   22600262430239.13281   4715216163563.76758   4674580195818.67090   2454241.46000   2826349.48000   398467.14000  1322866.42000   334549.39000   2241336.22000   2253025.86000   2207375.86000
Col5             4.00000         11509980.58000         2457625.05000         2454241.46000         4.00000         0.00000        0.00000        0.00000        0.00000         1.00000         1.00000         1.00000
Col6             4.00000         14631501.79000         2837226.05000         2826349.48000         0.00000         4.00000        0.00000        0.00000        0.00000         1.00000         1.00000         1.00000
Col7             4.00000          1626133.11000          430735.33000          398467.14000         0.00000         0.00000        4.00000        0.00000        0.00000         1.00000         1.00000         1.00000
Col8             4.00000          5273596.95000         1385493.78000         1322866.42000         0.00000         0.00000        0.00000        4.00000        0.00000         1.00000         1.00000         1.00000
Col9             4.00000          1423143.93000          397918.98000          334549.39000         0.00000         0.00000        0.00000        0.00000        4.00000         1.00000         1.00000         1.00000
Col10            6.00000         10573221.00000         2286572.86000         2241336.22000         1.00000         1.00000        1.00000        1.00000        1.00000         6.00000         0.00000         0.00000
Col11            6.00000         10722323.64000         2285090.32000         2253025.86000         1.00000         1.00000        1.00000        1.00000        1.00000         0.00000         6.00000         0.00000
Col12            6.00000         10241970.75000         2264082.97000         2207375.86000         1.00000         1.00000        1.00000        1.00000        1.00000         0.00000         0.00000         6.00000

                                               (X'X) Inverse Crossproducts Matrix                                               

              Col1      Col2      Col3      Col4      Col5      Col6      Col7      Col8      Col9     Col10     Col11     Col12
--------  --------  --------  --------  --------  --------  --------  --------  --------  --------  --------  --------  --------
Col1       0.23475   0.00000  -0.00001   0.00001  -0.25251  -0.21853  -0.04588  -0.10173   0.01185  -0.08337  -0.09768  -0.07131
Col2       0.00000   0.00000   0.00000  -0.00000  -0.00000  -0.00000  -0.00000  -0.00000  -0.00000   0.00000   0.00000   0.00000
Col3      -0.00001   0.00000   0.00000  -0.00000   0.00001  -0.00003  -0.00001  -0.00001  -0.00003  -0.00000   0.00000  -0.00000
Col4       0.00001  -0.00000  -0.00000   0.00000  -0.00001   0.00004   0.00001   0.00001   0.00004   0.00000  -0.00000   0.00000
Col5      -0.25251  -0.00000   0.00001  -0.00001   0.50363   0.35119   0.18805   0.04622   0.12389   0.04174   0.06596   0.01615
Col6      -0.21853  -0.00000  -0.00003   0.00004   0.35119   1.39779   0.40636   0.35294   0.73132   0.03696  -0.00608   0.04178
Col7      -0.04588  -0.00000  -0.00001   0.00001   0.18805   0.40636   0.31109   0.07624   0.11536  -0.04001  -0.04440  -0.04491
Col8      -0.10173  -0.00000  -0.00001   0.00001   0.04622   0.35294   0.07624   0.14208   0.11080   0.03801   0.04397   0.02149
Col9       0.01185  -0.00000  -0.00003   0.00004   0.12389   0.73132   0.11536   0.11080   0.61541  -0.02714  -0.06437  -0.01835
Col10     -0.08337   0.00000  -0.00000   0.00000   0.04174   0.03696  -0.04001   0.03801  -0.02714   0.33296   0.16031   0.17192
Col11     -0.09768   0.00000   0.00000  -0.00000   0.06596  -0.00608  -0.04440   0.04397  -0.06437   0.16031   0.32661   0.16350
Col12     -0.07131   0.00000  -0.00000   0.00000   0.01615   0.04178  -0.04491   0.02149  -0.01835   0.17192   0.16350   0.34536

                                                                  Collinearity Diagnostics                                                                   

  Number  Eigenvalue  Condition Index    Prop 1    Prop 2    Prop 3    Prop 4    Prop 5    Prop 6    Prop 7    Prop 8    Prop 9   Prop 10   Prop 11   Prop 12
--------  ----------  ---------------  --------  --------  --------  --------  --------  --------  --------  --------  --------  --------  --------  --------
       1     5.29363          1.00000    0.0000    0.0000    0.0000    0.0000    0.0001    0.0000    0.0000    0.0001    0.0000    0.0041    0.0034    0.0027
       2     1.36751          1.96748    0.0000    0.0000    0.0000    0.0000    0.0002    0.0003    0.0006    0.0007    0.0006    0.0112    0.0088    0.0086
       3     1.00266          2.29774    0.0000    0.0000    0.0000    0.0000    0.0007    0.0010    0.0002    0.0104    0.0002    0.0001    0.0031    0.0031
       4     1.00003          2.30075    0.0000    0.0000    0.0000    0.0000    0.0018    0.0003    0.0008    0.0032    0.0004    0.0002    0.0228    0.0154
       5     1.00000          2.30079    0.0000    0.0000    0.0000    0.0000    0.0004    0.0000    0.0000    0.0014    0.0001    0.1887    0.0001    0.1334
       6     1.00000          2.30079    0.0000    0.0000    0.0000    0.0000    0.0002    0.0001    0.0007    0.0000    0.0006    0.0072    0.1269    0.0637
       7     1.00000          2.30079    0.0000    0.0000    0.0000    0.0000    0.0010    0.0001    0.0002    0.0023    0.0004    0.1240    0.1109    0.0001
       8     0.21746          4.93388    0.0000    0.0000    0.0000    0.0000    0.0012    0.0005    0.0012    0.0060    0.0011    0.5038    0.4155    0.3377
       9     0.11830          6.68936    0.0004    0.0000    0.0000    0.0000    0.0122    0.0092    0.0005    0.0142    0.0004    0.1158    0.0974    0.0729
      10     0.00032        128.30985    0.3644    0.1781    0.0008    0.0004    0.3140    0.5722    0.4142    0.4314    0.3972    0.0180    0.0000    0.1424
      11     0.00008        264.18554    0.6335    0.5109    0.0354    0.1771    0.6643    0.4051    0.5764    0.0002    0.5812    0.0237    0.0731    0.0011
      12     0.00001        599.98047    0.0017    0.3110    0.9638    0.8225    0.0040    0.0111    0.0053    0.5299    0.0179    0.0033    0.1381    0.2190

Test of First and Second Moment Specification

Test       Statistic   p Value
---------  ---------  --------
White        24.0000    0.4038
White (F)          .         .

        Durbin-Watson Test         

Statistic                     Value
-------------------------  --------
Durbin-Watson D              2.1576
1st Order Autocorrelation   -0.0788

                                           Output Statistics                                            

     Obs  Dep Var regularMilled3   Predicted    Residual        LCLM        UCLM         LCL         UCL
--------  ----------------------  ----------  ----------  ----------  ----------  ----------  ----------
       1              56402.2079  55131.9187   1270.2892  52799.0711  57464.7664  51150.6843  59113.1531
       2              48228.5440  47048.5578   1179.9862  45035.7379  49061.3776  43245.9937  50851.1218
       3              43354.5267  43755.3379   -400.8112  41455.6320  46055.0437  39793.4322  47717.2435
       4              50611.9411  52699.2530  -2087.3119  50714.9440  54683.5621  48911.7035  56486.8026
       5              56800.2356  56443.0301    357.2054  54217.0726  58668.9877  52523.4719  60362.5883
       6              54267.7517  54587.1094   -319.3577  52207.3779  56966.8409  50578.2229  58595.9959
       7              55568.0425  56492.4779   -924.4354  54525.8855  58459.0702  52714.1800  60270.7758
       8              48030.0729  46845.3621   1184.7107  44859.0866  48831.6377  43056.7819  50633.9423
       9              44512.4132  44281.7159    230.6973  42350.1842  46213.2476  40521.5478  48041.8839
      10              52062.2509  51499.9860    562.2649  49503.8048  53496.1671  47706.2031  55293.7688
      11              55219.2901  54636.5946    582.6955  52600.6506  56672.5387  50821.7398  58451.4495
      12              55786.7567  57422.6898  -1635.9331  55544.9877  59300.3918  53689.8873  61155.4922
      13              60236.2880  58980.6974   1255.5906  56976.0965  60985.2983  55182.4775  62778.9173
      14              49430.8630  50510.6620  -1079.7990  48478.2396  52543.0843  46697.6855  54323.6385
      15              44738.8750  45162.0676   -423.1926  43170.9951  47153.1401  41370.9703  48953.1650
      16              55830.5682  55926.6267    -96.0585  53950.6592  57902.5943  52143.4407  59709.8128
      17              57960.6030  58193.9438   -233.3408  56211.2693  60176.6184  54407.2504  61980.6373
      18              58682.4705  58105.6701    576.8003  56073.4174  60137.9228  54292.7840  61918.5562
      19              73982.2104  75583.6548  -1601.4444  73417.1198  77750.1897  71697.5355  79469.7740
      20              64674.3547  65959.2528  -1284.8980  63913.2835  68005.2220  62139.0382  69779.4673
      21              61583.0793  60989.7729    593.3065  58904.0928  63075.4529  57148.1442  64831.4015
      22              76117.2093  74496.1038   1621.1055  72476.5663  76515.6412  70689.9796  78302.2279
      23              72929.8478  73636.4078   -706.5601  71512.4706  75760.3450  69773.8751  77498.9405
      24              77417.7127  76039.2222   1378.4905  73663.3073  78415.1372  72032.6001  80045.8444

                Output Statistics                 

     Obs  RStudent    DFFITS  Cook's D  Hat Diag H
--------  --------  --------  --------  ----------
       1    1.2738    1.3335  0.140879      0.5229
       2    1.0216    0.8156  0.055230      0.3893
       3   -0.3719   -0.3779  0.012825      0.5081
       4   -1.9985   -1.5590  0.162094      0.3783
       5    0.3206    0.3056  0.008411      0.4761
       6   -0.3071   -0.3355  0.010149      0.5441
       7   -0.7743   -0.5954  0.030564      0.3716
       8    1.0168    0.7944  0.052448      0.3791
       9    0.1865    0.1394  0.001762      0.3585
      10    0.4674    0.3681  0.012079      0.3829
      11    0.4910    0.3994  0.014194      0.3983
      12   -1.4142   -1.0122  0.078809      0.3388
      13    1.0908    0.8650  0.061385      0.3861
      14   -0.9340   -0.7577  0.048353      0.3969
      15   -0.3497   -0.2743  0.006765      0.3809
      16   -0.0786   -0.0609  0.000337      0.3751
      17   -0.1916   -0.1492  0.002018      0.3777
      18    0.4853    0.3936  0.013792      0.3968
      19   -1.5410   -1.3967  0.145850      0.4510
      20   -1.1358   -0.9316  0.070620      0.4022
      21    0.5087    0.4311  0.016507      0.4180
      22    1.4703    1.1803  0.105839      0.3919
      23   -0.6174   -0.5400  0.025620      0.4334
      24    1.4358    1.5630  0.187048      0.5424

